Шаг s -------- 0.5
компонента --- 0
        0         0         0         0         0         0 
   3840.8    3840.8    3840.8    3840.8    3840.8    3840.8 
   3840.8    3840.8    3840.8    3840.8    3840.8    3840.8 
   3840.8    3840.8    3840.8    3840.8    3840.8    3840.8 
   3840.8    3840.8    3840.8    3840.8    3840.8    3840.8 
        0         0         0         0         0         0 

компонента --- 1
        0         0         0         0         0         0 
   641.79    641.79    641.79    641.79    641.79    641.79 
   641.79    641.79    641.79    641.79    641.79    641.79 
   641.79    641.79    641.79    641.79    641.79    641.79 
   641.79    641.79    641.79    641.79    641.79    641.79 
        0         0         0         0         0         0 

компонента --- 2
        0         0         0         0         0         0 
  -1584.2   -1584.2   -1584.2   -1584.2   -1584.2   -1584.2 
  -1584.2   -1584.2   -1584.2   -1584.2   -1584.2   -1584.2 
  -1584.2   -1584.2   -1584.2   -1584.2   -1584.2   -1584.2 
  -1584.2   -1584.2   -1584.2   -1584.2   -1584.2   -1584.2 
        0         0         0         0         0         0 


Шаг s -------- 0.5
компонента --- 0
        0         0         0         0         0         0 
   3840.8    3840.8    3840.8    3840.8    3840.8    3840.8 
   3840.8    3840.8    3840.8    3840.8    3840.8    3840.8 
   3840.8    3840.8    3840.8    3840.8    3840.8    3840.8 
   3840.8    3840.8    3840.8    3840.8    3840.8    3840.8 
        0         0         0         0         0         0 

компонента --- 1
        0         0         0         0         0         0 
   641.79    641.79    641.79    641.79    641.79    641.79 
   641.79    641.79    641.79    641.79    641.79    641.79 
   641.79    641.79    641.79    641.79    641.79    641.79 
   641.79    641.79    641.79    641.79    641.79    641.79 
        0         0         0         0         0         0 

компонента --- 2
        0         0         0         0         0         0 
  -1584.2   -1584.2   -1584.2   -1584.2   -1584.2   -1584.2 
  -1584.2   -1584.2   -1584.2   -1584.2   -1584.2   -1584.2 
  -1584.2   -1584.2   -1584.2   -1584.2   -1584.2   -1584.2 
  -1584.2   -1584.2   -1584.2   -1584.2   -1584.2   -1584.2 
        0         0         0         0         0         0 


Шаг s -------- 1.5
компонента --- 0
        0         0         0         0         0         0 
5.5338e+15 5.5338e+15 5.5338e+15 5.5338e+15 5.5338e+15 5.5338e+15 
5.5338e+15 5.5338e+15 5.5338e+15 5.5338e+15 5.5338e+15 5.5338e+15 
5.5338e+15 5.5338e+15 5.5338e+15 5.5338e+15 5.5338e+15 5.5338e+15 
5.5338e+15 5.5338e+15 5.5338e+15 5.5338e+15 5.5338e+15 5.5338e+15 
        0         0         0         0         0         0 

компонента --- 1
        0         0         0         0         0         0 
1.0569e+14 1.0569e+14 1.0569e+14 1.0569e+14 1.0569e+14 1.0569e+14 
1.0569e+14 1.0569e+14 1.0569e+14 1.0569e+14 1.0569e+14 1.0569e+14 
1.0569e+14 1.0569e+14 1.0569e+14 1.0569e+14 1.0569e+14 1.0569e+14 
1.0569e+14 1.0569e+14 1.0569e+14 1.0569e+14 1.0569e+14 1.0569e+14 
        0         0         0         0         0         0 

компонента --- 2
        0         0         0         0         0         0 
-1.3751e+15 -1.3751e+15 -1.3751e+15 -1.3751e+15 -1.3751e+15 -1.3751e+15 
-1.3751e+15 -1.3751e+15 -1.3751e+15 -1.3751e+15 -1.3751e+15 -1.3751e+15 
-1.3751e+15 -1.3751e+15 -1.3751e+15 -1.3751e+15 -1.3751e+15 -1.3751e+15 
-1.3751e+15 -1.3751e+15 -1.3751e+15 -1.3751e+15 -1.3751e+15 -1.3751e+15 
        0         0         0         0         0         0 


Шаг s -------- 1.5
компонента --- 0
        0         0         0         0         0         0 
5.5338e+15 5.5338e+15 5.5338e+15 5.5338e+15 5.5338e+15 5.5338e+15 
5.5338e+15 5.5338e+15 5.5338e+15 5.5338e+15 5.5338e+15 5.5338e+15 
5.5338e+15 5.5338e+15 5.5338e+15 5.5338e+15 5.5338e+15 5.5338e+15 
5.5338e+15 5.5338e+15 5.5338e+15 5.5338e+15 5.5338e+15 5.5338e+15 
        0         0         0         0         0         0 

компонента --- 1
        0         0         0         0         0         0 
1.0569e+14 1.0569e+14 1.0569e+14 1.0569e+14 1.0569e+14 1.0569e+14 
1.0569e+14 1.0569e+14 1.0569e+14 1.0569e+14 1.0569e+14 1.0569e+14 
1.0569e+14 1.0569e+14 1.0569e+14 1.0569e+14 1.0569e+14 1.0569e+14 
1.0569e+14 1.0569e+14 1.0569e+14 1.0569e+14 1.0569e+14 1.0569e+14 
        0         0         0         0         0         0 

компонента --- 2
        0         0         0         0         0         0 
-1.3751e+15 -1.3751e+15 -1.3751e+15 -1.3751e+15 -1.3751e+15 -1.3751e+15 
-1.3751e+15 -1.3751e+15 -1.3751e+15 -1.3751e+15 -1.3751e+15 -1.3751e+15 
-1.3751e+15 -1.3751e+15 -1.3751e+15 -1.3751e+15 -1.3751e+15 -1.3751e+15 
-1.3751e+15 -1.3751e+15 -1.3751e+15 -1.3751e+15 -1.3751e+15 -1.3751e+15 
        0         0         0         0         0         0 


Шаг s -------- 2.5
компонента --- 0
        0         0         0         0         0         0 
9.8071e+62 9.8071e+62 9.8071e+62 9.8071e+62 9.8071e+62 9.8071e+62 
9.8071e+62 9.8071e+62 9.8071e+62 9.8071e+62 9.8071e+62 9.8071e+62 
9.8071e+62 9.8071e+62 9.8071e+62 9.8071e+62 9.8071e+62 9.8071e+62 
9.8071e+62 9.8071e+62 9.8071e+62 9.8071e+62 9.8071e+62 9.8071e+62 
        0         0         0         0         0         0 

компонента --- 1
        0         0         0         0         0         0 
1.2456e+61 1.2456e+61 1.2456e+61 1.2456e+61 1.2456e+61 1.2456e+61 
1.2456e+61 1.2456e+61 1.2456e+61 1.2456e+61 1.2456e+61 1.2456e+61 
1.2456e+61 1.2456e+61 1.2456e+61 1.2456e+61 1.2456e+61 1.2456e+61 
1.2456e+61 1.2456e+61 1.2456e+61 1.2456e+61 1.2456e+61 1.2456e+61 
        0         0         0         0         0         0 

компонента --- 2
        0         0         0         0         0         0 
-3.9403e+62 -3.9403e+62 -3.9403e+62 -3.9403e+62 -3.9403e+62 -3.9403e+62 
-3.9403e+62 -3.9403e+62 -3.9403e+62 -3.9403e+62 -3.9403e+62 -3.9403e+62 
-3.9403e+62 -3.9403e+62 -3.9403e+62 -3.9403e+62 -3.9403e+62 -3.9403e+62 
-3.9403e+62 -3.9403e+62 -3.9403e+62 -3.9403e+62 -3.9403e+62 -3.9403e+62 
        0         0         0         0         0         0 


Шаг s -------- 2.5
компонента --- 0
        0         0         0         0         0         0 
9.8071e+62 9.8071e+62 9.8071e+62 9.8071e+62 9.8071e+62 9.8071e+62 
9.8071e+62 9.8071e+62 9.8071e+62 9.8071e+62 9.8071e+62 9.8071e+62 
9.8071e+62 9.8071e+62 9.8071e+62 9.8071e+62 9.8071e+62 9.8071e+62 
9.8071e+62 9.8071e+62 9.8071e+62 9.8071e+62 9.8071e+62 9.8071e+62 
        0         0         0         0         0         0 

компонента --- 1
        0         0         0         0         0         0 
1.2456e+61 1.2456e+61 1.2456e+61 1.2456e+61 1.2456e+61 1.2456e+61 
1.2456e+61 1.2456e+61 1.2456e+61 1.2456e+61 1.2456e+61 1.2456e+61 
1.2456e+61 1.2456e+61 1.2456e+61 1.2456e+61 1.2456e+61 1.2456e+61 
1.2456e+61 1.2456e+61 1.2456e+61 1.2456e+61 1.2456e+61 1.2456e+61 
        0         0         0         0         0         0 

компонента --- 2
        0         0         0         0         0         0 
-3.9403e+62 -3.9403e+62 -3.9403e+62 -3.9403e+62 -3.9403e+62 -3.9403e+62 
-3.9403e+62 -3.9403e+62 -3.9403e+62 -3.9403e+62 -3.9403e+62 -3.9403e+62 
-3.9403e+62 -3.9403e+62 -3.9403e+62 -3.9403e+62 -3.9403e+62 -3.9403e+62 
-3.9403e+62 -3.9403e+62 -3.9403e+62 -3.9403e+62 -3.9403e+62 -3.9403e+62 
        0         0         0         0         0         0 


Шаг s -------- 3.5
компонента --- 0
        0         0         0         0         0         0 
-9.9157e+251 -9.9157e+251 -9.9157e+251 -9.9157e+251 -9.9157e+251 -9.9157e+251 
-9.9157e+251 -9.9157e+251 -9.9157e+251 -9.9157e+251 -9.9157e+251 -9.9157e+251 
-9.9157e+251 -9.9157e+251 -9.9157e+251 -9.9157e+251 -9.9157e+251 -9.9157e+251 
-9.9157e+251 -9.9157e+251 -9.9157e+251 -9.9157e+251 -9.9157e+251 -9.9157e+251 
        0         0         0         0         0         0 

компонента --- 1
        0         0         0         0         0         0 
3.3558e+249 3.3558e+249 3.3558e+249 3.3558e+249 3.3558e+249 3.3558e+249 
3.3558e+249 3.3558e+249 3.3558e+249 3.3558e+249 3.3558e+249 3.3558e+249 
3.3558e+249 3.3558e+249 3.3558e+249 3.3558e+249 3.3558e+249 3.3558e+249 
3.3558e+249 3.3558e+249 3.3558e+249 3.3558e+249 3.3558e+249 3.3558e+249 
        0         0         0         0         0         0 

компонента --- 2
        0         0         0         0         0         0 
5.0194e+251 5.0194e+251 5.0194e+251 5.0194e+251 5.0194e+251 5.0194e+251 
5.0194e+251 5.0194e+251 5.0194e+251 5.0194e+251 5.0194e+251 5.0194e+251 
5.0194e+251 5.0194e+251 5.0194e+251 5.0194e+251 5.0194e+251 5.0194e+251 
5.0194e+251 5.0194e+251 5.0194e+251 5.0194e+251 5.0194e+251 5.0194e+251 
        0         0         0         0         0         0 


Шаг s -------- 3.5
компонента --- 0
        0         0         0         0         0         0 
-9.9157e+251 -9.9157e+251 -9.9157e+251 -9.9157e+251 -9.9157e+251 -9.9157e+251 
-9.9157e+251 -9.9157e+251 -9.9157e+251 -9.9157e+251 -9.9157e+251 -9.9157e+251 
-9.9157e+251 -9.9157e+251 -9.9157e+251 -9.9157e+251 -9.9157e+251 -9.9157e+251 
-9.9157e+251 -9.9157e+251 -9.9157e+251 -9.9157e+251 -9.9157e+251 -9.9157e+251 
        0         0         0         0         0         0 

компонента --- 1
        0         0         0         0         0         0 
3.3558e+249 3.3558e+249 3.3558e+249 3.3558e+249 3.3558e+249 3.3558e+249 
3.3558e+249 3.3558e+249 3.3558e+249 3.3558e+249 3.3558e+249 3.3558e+249 
3.3558e+249 3.3558e+249 3.3558e+249 3.3558e+249 3.3558e+249 3.3558e+249 
3.3558e+249 3.3558e+249 3.3558e+249 3.3558e+249 3.3558e+249 3.3558e+249 
        0         0         0         0         0         0 

компонента --- 2
        0         0         0         0         0         0 
5.0194e+251 5.0194e+251 5.0194e+251 5.0194e+251 5.0194e+251 5.0194e+251 
5.0194e+251 5.0194e+251 5.0194e+251 5.0194e+251 5.0194e+251 5.0194e+251 
5.0194e+251 5.0194e+251 5.0194e+251 5.0194e+251 5.0194e+251 5.0194e+251 
5.0194e+251 5.0194e+251 5.0194e+251 5.0194e+251 5.0194e+251 5.0194e+251 
        0         0         0         0         0         0 


