Шаг s -------- 0
компонента --- 0
       10        10        10        10        10        10 
       10        10        10        10        10        10 
       10        10        10        10        10        10 
       10        10        10        10        10        10 
       10        10        10        10        10        10 
       10        10        10        10        10        10 

компонента --- 1
       15        15        15        15        15        15 
       15        15        15        15        15        15 
       15        15        15        15        15        15 
       15        15        15        15        15        15 
       15        15        15        15        15        15 
       15        15        15        15        15        15 

компонента --- 2
       20        20        20        20        20        20 
       20        20        20        20        20        20 
       20        20        20        20        20        20 
       20        20        20        20        20        20 
       20        20        20        20        20        20 
       20        20        20        20        20        20 


Шаг s -------- 1
компонента --- 0
        0         0         0         0         0         0 
3.9501e+07 3.9501e+07 3.9501e+07 3.9501e+07 3.9501e+07 3.9501e+07 
3.9501e+07 3.9501e+07 3.9501e+07 3.9501e+07 3.9501e+07 3.9501e+07 
3.9501e+07 3.9501e+07 3.9501e+07 3.9501e+07 3.9501e+07 3.9501e+07 
3.9501e+07 3.9501e+07 3.9501e+07 3.9501e+07 3.9501e+07 3.9501e+07 
        0         0         0         0         0         0 

компонента --- 1
        0         0         0         0         0         0 
1.8497e+06 1.8497e+06 1.8497e+06 1.8497e+06 1.8497e+06 1.8497e+06 
1.8497e+06 1.8497e+06 1.8497e+06 1.8497e+06 1.8497e+06 1.8497e+06 
1.8497e+06 1.8497e+06 1.8497e+06 1.8497e+06 1.8497e+06 1.8497e+06 
1.8497e+06 1.8497e+06 1.8497e+06 1.8497e+06 1.8497e+06 1.8497e+06 
        0         0         0         0         0         0 

компонента --- 2
        0         0         0         0         0         0 
1.6075e+07 1.6075e+07 1.6075e+07 1.6075e+07 1.6075e+07 1.6075e+07 
1.6075e+07 1.6075e+07 1.6075e+07 1.6075e+07 1.6075e+07 1.6075e+07 
1.6075e+07 1.6075e+07 1.6075e+07 1.6075e+07 1.6075e+07 1.6075e+07 
1.6075e+07 1.6075e+07 1.6075e+07 1.6075e+07 1.6075e+07 1.6075e+07 
        0         0         0         0         0         0 


Шаг s -------- 2
компонента --- 0
        0         0         0         0         0         0 
1.1822e+31 1.1822e+31 1.1822e+31 1.1822e+31 1.1822e+31 1.1822e+31 
1.1822e+31 1.1822e+31 1.1822e+31 1.1822e+31 1.1822e+31 1.1822e+31 
1.1822e+31 1.1822e+31 1.1822e+31 1.1822e+31 1.1822e+31 1.1822e+31 
1.1822e+31 1.1822e+31 1.1822e+31 1.1822e+31 1.1822e+31 1.1822e+31 
        0         0         0         0         0         0 

компонента --- 1
        0         0         0         0         0         0 
4.4845e+29 4.4845e+29 4.4845e+29 4.4845e+29 4.4845e+29 4.4845e+29 
4.4845e+29 4.4845e+29 4.4845e+29 4.4845e+29 4.4845e+29 4.4845e+29 
4.4845e+29 4.4845e+29 4.4845e+29 4.4845e+29 4.4845e+29 4.4845e+29 
4.4845e+29 4.4845e+29 4.4845e+29 4.4845e+29 4.4845e+29 4.4845e+29 
        0         0         0         0         0         0 

компонента --- 2
        0         0         0         0         0         0 
1.5644e+31 1.5644e+31 1.5644e+31 1.5644e+31 1.5644e+31 1.5644e+31 
1.5644e+31 1.5644e+31 1.5644e+31 1.5644e+31 1.5644e+31 1.5644e+31 
1.5644e+31 1.5644e+31 1.5644e+31 1.5644e+31 1.5644e+31 1.5644e+31 
1.5644e+31 1.5644e+31 1.5644e+31 1.5644e+31 1.5644e+31 1.5644e+31 
        0         0         0         0         0         0 


Шаг s -------- 3
компонента --- 0
        0         0         0         0         0         0 
-3.379e+125 -3.379e+125 -3.379e+125 -3.379e+125 -3.379e+125 -3.379e+125 
-3.379e+125 -3.379e+125 -3.379e+125 -3.379e+125 -3.379e+125 -3.379e+125 
-3.379e+125 -3.379e+125 -3.379e+125 -3.379e+125 -3.379e+125 -3.379e+125 
-3.379e+125 -3.379e+125 -3.379e+125 -3.379e+125 -3.379e+125 -3.379e+125 
        0         0         0         0         0         0 

компонента --- 1
        0         0         0         0         0         0 
7.4259e+123 7.4259e+123 7.4259e+123 7.4259e+123 7.4259e+123 7.4259e+123 
7.4259e+123 7.4259e+123 7.4259e+123 7.4259e+123 7.4259e+123 7.4259e+123 
7.4259e+123 7.4259e+123 7.4259e+123 7.4259e+123 7.4259e+123 7.4259e+123 
7.4259e+123 7.4259e+123 7.4259e+123 7.4259e+123 7.4259e+123 7.4259e+123 
        0         0         0         0         0         0 

компонента --- 2
        0         0         0         0         0         0 
7.8464e+125 7.8464e+125 7.8464e+125 7.8464e+125 7.8464e+125 7.8464e+125 
7.8464e+125 7.8464e+125 7.8464e+125 7.8464e+125 7.8464e+125 7.8464e+125 
7.8464e+125 7.8464e+125 7.8464e+125 7.8464e+125 7.8464e+125 7.8464e+125 
7.8464e+125 7.8464e+125 7.8464e+125 7.8464e+125 7.8464e+125 7.8464e+125 
        0         0         0         0         0         0 


Шаг s -------- 0
компонента --- 0
       10        10        10        10        10        10 
       10        10        10        10        10        10 
       10        10        10        10        10        10 
       10        10        10        10        10        10 
       10        10        10        10        10        10 
       10        10        10        10        10        10 

компонента --- 1
       15        15        15        15        15        15 
       15        15        15        15        15        15 
       15        15        15        15        15        15 
       15        15        15        15        15        15 
       15        15        15        15        15        15 
       15        15        15        15        15        15 

компонента --- 2
       20        20        20        20        20        20 
       20        20        20        20        20        20 
       20        20        20        20        20        20 
       20        20        20        20        20        20 
       20        20        20        20        20        20 
       20        20        20        20        20        20 


Шаг s -------- 0
компонента --- 0
       10        10        10        10        10        10 
       10        10        10        10        10        10 
       10        10        10        10        10        10 
       10        10        10        10        10        10 
       10        10        10        10        10        10 
       10        10        10        10        10        10 

компонента --- 1
       15        15        15        15        15        15 
       15        15        15        15        15        15 
       15        15        15        15        15        15 
       15        15        15        15        15        15 
       15        15        15        15        15        15 
       15        15        15        15        15        15 

компонента --- 2
       20        20        20        20        20        20 
       20        20        20        20        20        20 
       20        20        20        20        20        20 
       20        20        20        20        20        20 
       20        20        20        20        20        20 
       20        20        20        20        20        20 


Шаг s -------- 0
компонента --- 0
       10        10        10        10        10        10 
       10        10        10        10        10        10 
       10        10        10        10        10        10 
       10        10        10        10        10        10 
       10        10        10        10        10        10 
       10        10        10        10        10        10 

компонента --- 1
       15        15        15        15        15        15 
       15        15        15        15        15        15 
       15        15        15        15        15        15 
       15        15        15        15        15        15 
       15        15        15        15        15        15 
       15        15        15        15        15        15 

компонента --- 2
       20        20        20        20        20        20 
       20        20        20        20        20        20 
       20        20        20        20        20        20 
       20        20        20        20        20        20 
       20        20        20        20        20        20 
       20        20        20        20        20        20 


Шаг s -------- 0
компонента --- 0
       10        10        10        10        10        10 
       10        10        10        10        10        10 
       10        10        10        10        10        10 
       10        10        10        10        10        10 
       10        10        10        10        10        10 
       10        10        10        10        10        10 

компонента --- 1
       15        15        15        15        15        15 
       15        15        15        15        15        15 
       15        15        15        15        15        15 
       15        15        15        15        15        15 
       15        15        15        15        15        15 
       15        15        15        15        15        15 

компонента --- 2
       20        20        20        20        20        20 
       20        20        20        20        20        20 
       20        20        20        20        20        20 
       20        20        20        20        20        20 
       20        20        20        20        20        20 
       20        20        20        20        20        20 


